marker	chromosome	position	effect_size
gJAX00013701	1	187116521	1.1
gUNC3712628	2	107153805	-1.8
S6T045628586	4	140714652	0.11
mUNC8397172	4	143296106	0.66
mUNC9036507	5	41810898	-1.9
mbackupUNC060210105	6	129824220	-0.15
S1H065774336	6	144358405	-4.4
gUNC13942733	7	136713526	-0.21
gUNC14452078	8	32989110	2.4
S6Y093806293	9	95157340	-0.47
mUNC18343515	10	84701275	-0.83
gUNCHS029348	10	110403476	-1.1
S6J112282731	11	57068280	-1.4
gUNC20028753	11	83861835	-0.94
UNC21398368	12	73606722	-0.29
mbackupUNC130544625	13	96029874	1.6
S3C140461617	14	11540448	-0.13
gICR4636	14	16854577	-3.1
gUNC27533069	17	8116570	1.4
gUNC30464876	19	50992660	1.9
gUNC30500882	19	52966814	0.24
gUNC30513052	19	53875265	0.34
gUNC30521202	19	54427513	0.11
